2.637985605914006104e+00 2.604117168222342293e+00 2.840624515488411550e+00 2.580670747981896440e+00 2.602177342801543336e+00 2.673092249745845805e+00 2.764674016618716923e+00 2.379024132979180806e+00 2.522641882185714834e+00 2.648168769620449670e+00 2.568293524398506555e+00 2.582372020868098250e+00 2.673316083525055120e+00 2.495336179300072565e+00 2.450092344418226098e+00 2.696754563723207987e+00
2.629056473850097220e+00 2.458622484720913270e+00 3.042813768928237295e+00 2.579640645677836019e+00 2.591302046754930366e+00 2.614022647089898843e+00 2.758789975846564158e+00 2.379024132979180806e+00 2.449188654725716230e+00 2.648168769620449670e+00 2.567255287396986052e+00 2.545756780283197074e+00 2.669010613796880094e+00 2.426794324521168278e+00 1.905184925780412319e+00 2.742668615344998173e+00
2.692749057897264375e+00 2.488386531294432213e+00 3.042813768928237295e+00 2.591032041624594218e+00 2.599734487620450452e+00 2.848782688256037865e+00 2.739793697518607019e+00 2.348850466195833597e+00 2.367318867858115183e+00 2.601698294990587357e+00 2.558869091492067760e+00 2.493843410002521299e+00 2.728956005318116773e+00 2.321791385432848465e+00 1.457001254433696547e+00 3.826103645256225150e+00
2.872412148077559291e+00 2.496572456094838799e+00 3.106685658885400159e+00 2.683945897612898701e+00 2.921060617203109722e+00 2.848782688256037865e+00 2.715045117816044851e+00 2.102249069045060814e+00 2.387209216805019629e+00 2.724006739609925454e+00 2.435232121242680403e+00 2.116186538006340712e+00 2.728557624593014985e+00 2.273941676757154084e+00 1.409455456490865011e+00 4.598264221347093894e+00
2.802496772159560834e+00 2.606475678785976413e+00 3.697056660122840288e+00 2.556138074968021368e+00 3.161366697928794878e+00 2.131241944390695586e+00 2.595921254102685261e+00 1.012340372177271686e+00 2.055004990815614718e+00 2.836556426687937726e+00 2.435232121242680403e+00 1.664640342164930731e+00 3.321526081546122722e+00 2.316415493611774234e+00 1.108854495434420828e+00 4.365607563107990252e+00
2.802496772159560834e+00 2.604108942510168667e+00 3.938229419571132262e+00 2.477973999585593834e+00 3.118857490109895547e+00 2.037261742248810847e+00 2.595921254102685261e+00 5.533538892746010518e-01 2.055004990815614718e+00 2.789246222618675386e+00 2.393764688508185134e+00 1.547224853891147500e+00 4.339967643751226234e+00 2.359227579876269409e+00 1.504055161516564931e+00 6.119903607294093106e+00
2.807783049557986743e+00 1.968465200042261554e+00 3.938229419571132262e+00 1.840318577490801299e+00 3.118857490109895547e+00 2.037261742248810847e+00 2.594974682163212698e+00 3.847547675619593655e-01 2.055004990815614718e+00 2.620899226520363889e+00 2.230237212112810230e+00 1.694509581207588766e+00 3.916475610822856446e+00 2.395242874112634368e+00 1.514177568708426458e+00 5.485564841626768384e+00
2.721074299650743100e+00 1.968465200042261554e+00 3.938229419571132262e+00 1.699536081907266460e+00 3.118857490109895547e+00 2.476700592760781472e+00 2.594974682163212698e+00 1.024595914070860481e-01 2.055004990815614718e+00 1.978135610804739875e+00 2.499077900558929866e+00 1.654717097010492521e+00 4.837982189786065312e+00 2.383132651681628023e+00 1.514177568708426458e+00 4.864932478722511888e+00
2.721074299650743100e+00 1.975998592440883384e+00 5.500112716702803439e+00 1.858673334207069594e+00 3.118857490109895547e+00 2.458147484365446278e+00 2.625635618619601264e+00 1.432643149580421493e-01 2.021041551749293230e+00 1.978135610804739875e+00 2.595144803613793627e+00 1.675621431638018688e+00 4.299913647541318440e+00 2.554866079291068459e+00 1.514177568708426458e+00 6.073626169378698592e+00
3.961387282307330171e+00 2.017376648686800777e+00 4.126398633413395522e+00 1.779912508801358761e+00 3.285745029099051973e+00 2.259436028564107524e+00 3.819712065001630741e+00 2.662659115648741803e+00 2.021041551749293230e+00 1.939370359770783647e+00 3.299514805134270201e+00 1.607595541256936267e+00 5.543022034762058681e+00 2.932145924199991427e+00 1.039869876626792200e+00 5.857947214082424026e+00
3.891170400269445828e+00 2.517545026592891144e+00 5.416182112387149417e+00 1.779912508801358761e+00 3.528695765592076761e+00 2.318456008678145608e+00 4.469169220430499578e+00 2.846121124699058313e+00 2.021041551749293230e+00 1.937197840921633052e+00 3.645061905471633779e+00 8.090162828282174701e-01 4.916710001954553988e+00 3.393878588224485071e+00 1.039869876626792200e+00 6.076587197063474832e+00
3.722719945391255614e+00 2.814147913535715251e+00 5.416182112387149417e+00 1.779912508801358761e+00 2.947798963078322565e+00 2.576675522709170441e+00 8.005603624074996816e+00 3.112693618088479663e+00 2.021041551749293230e+00 1.413822752792398330e+00 4.040165046129636117e+00 8.090162828282174701e-01 5.436752937028344945e+00 3.393878588224485071e+00 1.039869876626792200e+00 6.904879541431936829e+00
4.877208439582020993e+00 2.791370252263125185e+00 5.416182112387149417e+00 1.779912508801358761e+00 2.915816434328741380e+00 2.482797161350430937e+00 8.005603624074996816e+00 3.112693618088479663e+00 1.824123648695723521e+00 3.156923574182388670e+00 3.635018133143284924e+00 8.090162828282174701e-01 8.126641418264163974e+00 5.065337229062438773e+00 1.852666996672978073e-01 6.681853391032963607e+00
4.716743506120568696e+00 2.927800867825363529e+00 6.564189990081669812e+00 1.779912508801358761e+00 3.049023586717593215e+00 2.453253306192476391e+00 7.980779401995098610e+00 3.112693618088479663e+00 4.122883617802618694e+00 3.109914201451926985e+00 3.753757375705691679e+00 8.090162828282174701e-01 8.126641418264163974e+00 2.756128295434189468e+00 1.852666996672978073e-01 9.051141137953667481e+00
4.716743506120568696e+00 2.927800867825363529e+00 7.065591928743158334e+00 2.314086459446130561e+00 2.862534994577345948e+00 2.453253306192476391e+00 7.857945201712475125e+00 2.067331816210360440e+00 4.122883617802618694e+00 3.109914201451926985e+00 5.249142376307125879e+00 7.336921227589967565e-01 8.137991538499592892e+00 2.756128295434189468e+00 3.276678207693166200e+00 9.116153436308970015e+00
4.442046712193354452e+00 3.084138532733904814e+00 7.065591928743158334e+00 5.170922636223007629e-01 2.165237639066684761e+00 2.129379144703921423e+00 9.498678517263146048e+00 1.768074263130948731e+00 4.122883617802618694e+00 2.957558303455456006e+00 5.130918320177697112e+00 7.336921227589967565e-01 8.137991538499592892e+00 3.343995386915787904e+00 3.198738396440610643e+00 9.116153436308970015e+00
5.342205627167837534e+00 4.652293577968325877e+00 7.065591928743158334e+00 4.668149947708171155e-01 2.165237639066684761e+00 3.015281829443978268e+00 9.498678517263146048e+00 1.768074263130948731e+00 4.394809267030542976e+00 4.297632669838031383e+00 3.091123755530159833e+00 3.122470807956432282e-01 8.137991538499592892e+00 3.343995386915787904e+00 3.725431234648538315e+00 9.116153436308970015e+00
9.815948098577525371e+00 4.652293577968325877e+00 8.190435640256524152e+00 4.668149947708171155e-01 1.021262451646006930e+00 3.611431071656071801e+00 9.498678517263146048e+00 2.899273926898151110e+00 4.806070778131218191e+00 5.577157552858876599e+00 2.084954814170721260e+00 3.299353791928787416e-01 8.137991538499592892e+00 3.343995386915787904e+00 5.312242621293266076e+00 9.116153436308970015e+00
9.815948098577525371e+00 3.463618034037688531e+00 8.222393415030426311e+00 4.668149947708171155e-01 1.921619547660480265e-01 3.650631504673111039e+00 9.829717862747598289e+00 3.027380492982416627e+00 4.949556854614804990e+00 8.467303294864843011e+00 2.084954814170721260e+00 3.299353791928787416e-01 8.137991538499592892e+00 3.343995386915787904e+00 5.307819828108825355e+00 9.116153436308970015e+00
9.821385482614319429e+00 3.463618034037688531e+00 8.167829713398329972e+00 4.668149947708171155e-01 9.161358823405807428e-01 4.112215168947475519e+00 9.829717862747598289e+00 2.711433492914573584e+00 6.414579220778782620e+00 8.467303294864843011e+00 2.084954814170721260e+00 3.299353791928787416e-01 8.137991538499592892e+00 3.419609446395740715e+00 5.777552095740566607e+00 9.028762380413372313e+00
9.821385482614319429e+00 6.166179609743489998e+00 8.056445788947275588e+00 2.117180316420387953e+00 1.194827301437864087e+00 4.337801723297038947e+00 9.829717862747598289e+00 1.880371933567013265e+00 6.414579220778782620e+00 8.679360085737545916e+00 2.633486734556363729e+00 3.299353791928787416e-01 8.137991538499592892e+00 6.943710218612366702e-01 5.919379569677049702e+00 9.028762380413372313e+00
9.821385482614319429e+00 4.498838765758240044e+00 9.738519124222996481e+00 2.607657863436229739e+00 6.095476075300931829e-01 4.337801723297038947e+00 7.528087330690871326e+00 1.880371933567013265e+00 7.502802003334654302e+00 8.679360085737545916e+00 2.633486734556363729e+00 3.299353791928787416e-01 8.137991538499592892e+00 6.943710218612366702e-01 5.919379569677049702e+00 9.028762380413372313e+00
9.748351280721923473e+00 6.329730644777188608e+00 9.738519124222996481e+00 2.607657863436229739e+00 5.655442196683954093e-01 4.337801723297038947e+00 7.528087330690871326e+00 1.880371933567013265e+00 6.762415962951976667e+00 8.399778149127243410e+00 6.127093982187086674e+00 3.223560886010972126e+00 8.809531551967340945e+00 6.943710218612366702e-01 3.565000555288838857e+00 9.175940127494534693e+00
8.521029474060879849e+00 6.367142890364730690e+00 9.170886129005200615e+00 2.645012711676276940e+00 5.655442196683954093e-01 4.337801723297038947e+00 4.718075121340811862e+00 1.880371933567013265e+00 7.858834200069074072e+00 8.399114311230592378e+00 6.127093982187086674e+00 8.482122194166157314e-01 8.809531551967340945e+00 6.943710218612366702e-01 4.274221732509652760e+00 8.769674841516321706e+00
8.205929153041589430e+00 7.157481319315452950e+00 9.100937910845326329e+00 2.645012711676276940e+00 5.655442196683954093e-01 4.337801723297038947e+00 4.718075121340811862e+00 1.880371933567013265e+00 7.783334260510212488e+00 8.421530406192111684e+00 3.665044857485273866e+00 3.078996784414638199e+00 8.334526408583379009e+00 6.943710218612366702e-01 4.274221732509652760e+00 8.702140976272344730e+00
8.205929153041589430e+00 7.157481319315452950e+00 9.100937910845326329e+00 2.384162481036564252e+00 5.655442196683954093e-01 6.570609560634311563e+00 4.636556432802775518e+00 1.880371933567013265e+00 8.215488552119245114e+00 8.421530406192111684e+00 3.875401937643646821e+00 2.386662233266198196e+00 8.366469835898003637e+00 7.179772235221753007e-01 3.634500920382060407e+00 8.702140976272344730e+00
8.180717113204238444e+00 8.303670467547579648e+00 9.100937910845326329e+00 2.068634042564729381e+00 4.276142451608624939e-01 6.484772905730535442e+00 5.586479778032471089e+00 1.880371933567013265e+00 8.409412775110194360e+00 8.421530406192111684e+00 5.371767056384397776e+00 2.386662233266198196e+00 8.366469835898003637e+00 7.179772235221753007e-01 3.531822249833309169e+00 8.702140976272344730e+00
7.399256429110415034e+00 8.303148650345686832e+00 9.100937910845326329e+00 2.068634042564729381e+00 7.486970689329597306e-01 6.426839306761863213e+00 7.593534671717612206e+00 1.880371933567013265e+00 8.409412775110194360e+00 8.421530406192111684e+00 5.371767056384397776e+00 2.284760772789824479e+00 8.364085408599178706e+00 7.179772235221753007e-01 3.531822249833309169e+00 9.154114051151616138e+00
7.399256429110415034e+00 8.303148650345686832e+00 8.457877268290218353e+00 2.068634042564729381e+00 7.486970689329597306e-01 6.426839306761863213e+00 7.593534671717612206e+00 1.912903753226560921e+00 8.409412775110194360e+00 8.421530406192111684e+00 5.371767056384397776e+00 2.378245006816444018e+00 9.732487084121260068e+00 7.179772235221753007e-01 4.991797601232380366e+00 9.154114051151616138e+00
7.399256429110415034e+00 8.303148650345686832e+00 8.457877268290218353e+00 4.966127197246370528e+00 7.486970689329597306e-01 7.270844206092584194e+00 6.691214612257669891e+00 1.742940762768547369e+00 8.390443547358781728e+00 8.421530406192111684e+00 4.614516180305204607e+00 3.493462226755683186e+00 9.732487084121260068e+00 7.179772235221753007e-01 4.991797601232380366e+00 9.253257270433142168e+00
9.036176679101686204e+00 6.843920383644862326e+00 8.457877268290218353e+00 5.323566665946638743e+00 3.027478653164608069e-01 7.270844206092584194e+00 6.691214612257669891e+00 1.742940762768547369e+00 8.390443547358781728e+00 8.421530406192111684e+00 3.290432683298387673e+00 3.493462226755683186e+00 9.732487084121260068e+00 7.179772235221753007e-01 4.991797601232380366e+00 9.905730768704746225e+00
8.938490025246684567e+00 5.128084357435168883e+00 8.457877268290218353e+00 4.993788832877337214e+00 3.027478653164608069e-01 6.036722180069368449e+00 6.096877564669204830e+00 1.742940762768547369e+00 8.390443547358781728e+00 8.421530406192111684e+00 1.919812104023299604e+00 2.955417842054188338e+00 9.732487084121260068e+00 7.179772235221753007e-01 4.991797601232380366e+00 9.947566865378156820e+00
8.938490025246684567e+00 7.061640139347725942e+00 8.017260840096161800e+00 5.295910858118244136e+00 3.027478653164608069e-01 6.036722180069368449e+00 5.949472245814655835e+00 1.668641381809321089e+00 8.329096723012884951e+00 8.421530406192111684e+00 1.919812104023299604e+00 2.955417842054188338e+00 9.732487084121260068e+00 1.912797942637827653e+00 4.179407543977339046e+00 9.631921829704035432e+00
9.197010622150781245e+00 6.486560696247206437e+00 5.526707125115922103e+00 5.041502051811178831e+00 3.027478653164608069e-01 5.775370739797605069e+00 5.978613337947115802e+00 2.346603171440357904e+00 8.329096723012884951e+00 8.124451435865978510e+00 1.919812104023299604e+00 5.476047856597576313e+00 9.732487084121260068e+00 6.343673129516052001e-01 3.588451066279838564e+00 9.631921829704035432e+00
8.928664462756159992e+00 6.816398781336548751e+00 4.930175566238940377e+00 5.041502051811178831e+00 3.027478653164608069e-01 5.775370739797605069e+00 5.978613337947115802e+00 2.346603171440357904e+00 8.900025657197211615e+00 8.124451435865978510e+00 1.919812104023299604e+00 3.548182449319750909e+00 9.732487084121260068e+00 7.720260227648534368e-02 2.628301554088679381e+00 9.631921829704035432e+00
8.928664462756159992e+00 7.439685829238310788e+00 3.738718067702313963e+00 5.041502051811178831e+00 2.246597271905487414e+00 6.466140161556626964e+00 7.332258317864398300e+00 3.115385836425925703e+00 8.900025657197211615e+00 8.124451435865978510e+00 2.015188472727245106e+00 4.222780434827486218e+00 9.732487084121260068e+00 5.645066088096548640e-01 2.628301554088679381e+00 9.631921829704035432e+00
8.141968226742134718e+00 7.076885054849669565e+00 3.785517391344578986e+00 5.351758227578350180e+00 2.161113747829668696e+00 6.865190320518567368e+00 7.538199143403098823e+00 3.115385836425925703e+00 8.900025657197211615e+00 8.468984301275931159e+00 1.842276896511552575e+00 4.222780434827486218e+00 9.732487084121260068e+00 5.645066088096548640e-01 1.976981991105263958e+00 9.631921829704035432e+00
8.141968226742134718e+00 7.076885054849669565e+00 2.964292619539847351e+00 5.812048277791943107e+00 1.115192049456114276e+00 8.866379740600162762e+00 6.496381173156738242e+00 3.115385836425925703e+00 8.900025657197211615e+00 8.468984301275931159e+00 1.842276896511552575e+00 4.222780434827486218e+00 9.732487084121260068e+00 5.645066088096548640e-01 1.976981991105263958e+00 9.631921829704035432e+00
8.141968226742134718e+00 7.429322539994727137e+00 2.854947165778927598e+00 5.812048277791943107e+00 7.288441793611690755e-01 8.903349875030329486e+00 6.496381173156738242e+00 2.850508422714973733e+00 8.942988704678031198e+00 8.468984301275931159e+00 1.842276896511552575e+00 4.616470798489777039e+00 9.732487084121260068e+00 5.643629020655299700e-01 1.976981991105263958e+00 9.631921829704035432e+00
8.141968226742134718e+00 7.429322539994727137e+00 3.215520762985530467e+00 5.812048277791943107e+00 6.417765413998832713e-01 8.265651357467978855e+00 6.496381173156738242e+00 1.874058566672155202e+00 8.942988704678031198e+00 7.521168692605819217e+00 1.842276896511552575e+00 3.849294629950997582e+00 8.461925860364086560e+00 5.643629020655299700e-01 1.976981991105263958e+00 9.631921829704035432e+00
8.141968226742134718e+00 7.562460132394042134e+00 2.950695210447968009e+00 4.555065794654156619e+00 6.417765413998832713e-01 8.265651357467978855e+00 6.496381173156738242e+00 1.874058566672155202e+00 8.942988704678031198e+00 7.521168692605819217e+00 1.842276896511552575e+00 3.537624542952174878e+00 8.093823848209281024e+00 5.643629020655299700e-01 1.541103855497842900e+00 9.184347229129105727e+00
8.149938985759879628e+00 7.562460132394042134e+00 3.253659181293032887e+00 7.385983219055364479e+00 6.411249306893550548e-01 8.265651357467978855e+00 6.334863322545905007e+00 6.464174158680693338e-01 8.975837871402170265e+00 7.521168692605819217e+00 1.842276896511552575e+00 1.526401847774588205e+00 8.093823848209281024e+00 5.643629020655299700e-01 1.541103855497842900e+00 9.492742821799071251e+00
7.609420889591647530e+00 7.586938249550994939e+00 3.253659181293032887e+00 7.385983219055364479e+00 6.411249306893550548e-01 8.253326292999730640e+00 7.024221414692613408e+00 6.930835444791845212e-01 8.823904183644728505e+00 7.877144055950648927e+00 1.842276896511552575e+00 1.526401847774588205e+00 8.285672841745691741e+00 6.307298816343083203e-01 1.541103855497842900e+00 9.492742821799071251e+00
7.609420889591647530e+00 8.221865349235182308e+00 4.937892209575098335e+00 7.471064101441868388e+00 6.411249306893550548e-01 8.489069264633830159e+00 6.578757607399184693e+00 3.156280930967136911e-02 9.586081784499068448e+00 7.877144055950648927e+00 1.842276896511552575e+00 1.526401847774588205e+00 5.947047726886264485e+00 2.147900025918668021e+00 2.864383882879686816e+00 9.492742821799071251e+00
8.314764386241780159e+00 8.224046065354333024e+00 6.147054443015177227e+00 7.561047171384276844e+00 6.411249306893550548e-01 8.489069264633830159e+00 5.772878728615335575e+00 3.156280930967136911e-02 9.586081784499068448e+00 7.877144055950648927e+00 1.842276896511552575e+00 2.146844951182484529e+00 5.946058773043028545e+00 1.855955032047525322e+00 2.603251296898675626e+00 9.492742821799071251e+00
9.167394786694263331e+00 8.224046065354333024e+00 6.204283163871275875e+00 7.304181437039892977e+00 4.808477112661511121e-01 8.928478109872115098e+00 5.808449055321654342e+00 3.542111570929800113e-01 6.359156297498607557e+00 9.001550638185095821e+00 1.842276896511552575e+00 2.146844951182484529e+00 5.538869560515748525e+00 8.326605172428127588e-01 2.772063025255476543e+00 9.468694724529873596e+00
9.167394786694263331e+00 8.411272252050160603e+00 6.590913070256902095e+00 8.518561246192335901e+00 1.537346182693699603e-02 8.928478109872115098e+00 5.808449055321654342e+00 3.542111570929800113e-01 8.832523977828703465e+00 9.065150885351330956e+00 1.842276896511552575e+00 2.146844951182484529e+00 5.538869560515748525e+00 3.077469561383902263e+00 2.772063025255476543e+00 9.468694724529873596e+00
9.167394786694263331e+00 8.411272252050160603e+00 6.590913070256902095e+00 8.518561246192335901e+00 1.537346182693699603e-02 8.991535217310614669e+00 7.573191625643104885e+00 4.236663126267499635e+00 9.187648908882790622e+00 8.995921701459987929e+00 1.685880712808535797e+00 2.146844951182484529e+00 6.018564979193121722e+00 2.629601612787490605e+00 2.772063025255476543e+00 9.468694724529873596e+00
9.167394786694263331e+00 8.411272252050160603e+00 9.681293210376946234e+00 8.022762322503959709e+00 3.597429381412275973e-02 8.991535217310614669e+00 7.573191625643104885e+00 6.213283785653649360e-01 9.187648908882790622e+00 8.995921701459987929e+00 2.367028208535269407e+00 1.146492001692704932e+00 7.147791149249058229e+00 2.629601612787490605e+00 2.772063025255476543e+00 9.416382915223850958e+00
9.014427752565222107e+00 7.261968460910484424e+00 9.696704243162507453e+00 8.436464201749414471e+00 3.597429381412275973e-02 8.991535217310614669e+00 7.573191625643104885e+00 6.213283785653649360e-01 9.187648908882790622e+00 8.995921701459987929e+00 2.367028208535269407e+00 1.146492001692704932e+00 6.544048089079001151e+00 2.629601612787490605e+00 2.897558036015800198e+00 9.502034124182102914e+00
