-7.476242723896031617e-01 -7.450161322782646867e-01 -7.337562134444057804e-01 -8.275893599657303534e-01 -7.379656696311750474e-01 -8.001711547361365362e-01 -7.248223061137836210e-01 -8.303031636828847040e-01 -7.717310798839218666e-01 -7.872503200032390236e-01 -7.986458831227800648e-01 -7.290116282436598372e-01 -7.660642207419325889e-01 -7.274362629107055112e-01 -7.901484820642783458e-01 -7.625477981948921569e-01
-7.452215129096998458e-01 -7.639920230727847983e-01 -6.963299119520374170e-01 -8.291326345462741720e-01 -7.388569045327467721e-01 -8.546354421323908435e-01 -7.381890961948465169e-01 -8.303031636828847040e-01 -7.745136156634745417e-01 -7.872503200032390236e-01 -7.959344693659611281e-01 -7.411426194131226497e-01 -7.660226342436576852e-01 -7.314620477186306591e-01 -8.924503139061631396e-01 -7.766155902451773452e-01
-7.483615390609282825e-01 -7.514107663491768063e-01 -6.963299119520374170e-01 -8.613818121338531197e-01 -7.357310210393050998e-01 -9.854563994671109439e-01 -7.439600597467636023e-01 -8.372112286546169457e-01 -8.044606496868577095e-01 -7.925534272350251985e-01 -7.967605872588273686e-01 -6.974995925032242416e-01 -7.586880272634749511e-01 -7.230630878590355026e-01 -1.024411629368682908e+00 -6.275704508623635158e-01
-7.224817780078713891e-01 -7.480011018740367890e-01 -6.876080345055187726e-01 -9.809586415849058660e-01 -7.621815060901642180e-01 -9.854563994671109439e-01 -8.379810736351750444e-01 -9.044799993457989240e-01 -7.953958010186229499e-01 -7.721755154165880208e-01 -8.453712855145284477e-01 -6.982874303582310427e-01 -7.597614085245563142e-01 -7.198871204305797855e-01 -1.034070245252225240e+00 -5.476596536445356156e-01
-7.115216074342247676e-01 -7.339191183993937218e-01 -6.136977386548346791e-01 -1.231944094844529047e+00 -7.703710855779700717e-01 -1.575591217796166399e+00 -7.310970649638044438e-01 -1.259717149235411116e+00 -8.575931403950478593e-01 -7.845429136879393806e-01 -8.453712855145284477e-01 -6.700437677119278623e-01 -6.506720038532206596e-01 -6.824012991035234288e-01 -1.098005705971985657e+00 -5.646892425786426140e-01
-7.115216074342247676e-01 -7.343534943995673192e-01 -5.862590821247908313e-01 -1.210654326168832062e+00 -7.674904249041860638e-01 -1.462424667966361724e+00 -7.310970649638044438e-01 -1.487850494601322238e+00 -8.575931403950478593e-01 -7.736137639895036555e-01 -8.758366613860234517e-01 -5.603510590421577620e-01 -3.638908717063920051e-01 -6.900214668181124944e-01 -9.816578716808873617e-01 -3.082860017475846370e-01
-6.886809169587472246e-01 -8.234171115623127868e-01 -5.862590821247908313e-01 -2.025576649595596912e+00 -7.674904249041860638e-01 -1.462424667966361724e+00 -7.316947956716129964e-01 -1.613231334582405863e+00 -8.575931403950478593e-01 -7.832879906805904069e-01 -9.691479311468783608e-01 -5.735278386541435847e-01 -4.125120004584242328e-01 -6.810410829162685253e-01 -8.510902018650344791e-01 -3.554900469880174496e-01
-7.011235767629073745e-01 -8.234171115623127868e-01 -5.862590821247908313e-01 -2.733207555563609059e+00 -7.674904249041860638e-01 -1.130621835771952854e+00 -7.316947956716129964e-01 -1.850740279656268195e+00 -8.575931403950478593e-01 -9.560319478018173278e-01 -1.363846588513293323e+00 -5.241085260528345335e-01 -3.257892767254120248e-01 -6.841020454553078389e-01 -8.510902018650344791e-01 -3.767735784605314997e-01
-7.011235767629073745e-01 -8.294477462322502603e-01 -4.602554472300565691e-01 -1.936626748949629384e+00 -7.674904249041860638e-01 -1.176433818887987037e+00 -6.649212128129976529e-01 -1.806403548561828609e+00 -8.668153941582252831e-01 -9.560319478018173278e-01 -1.003675680207451348e+00 -5.380203337380329298e-01 -4.109054464523415606e-01 -6.158876507794998068e-01 -8.510902018650344791e-01 -2.922245306898896278e-01
-4.917600391059724907e-01 -8.189162975218752250e-01 -5.253506933950237157e-01 -2.902127483954066722e+00 -7.084024089031328852e-01 -2.028491072182129873e+00 -5.859049909300353409e-01 -7.226220719465488163e-01 -8.668153941582252831e-01 -8.523456869302409311e-01 -7.304527711981607663e-01 -3.759163672696980152e-01 -4.283940895596849430e-01 -4.958385881815943197e-01 -7.941368360538119120e-01 -3.103853153127335562e-01
-4.921743869145180361e-01 -8.319861271279216375e-01 -4.133442448736424080e-01 -2.902127483954066722e+00 -5.897125019297224657e-01 -1.930605536698200897e+00 -5.243362869901756484e-01 -4.983462759029542166e-01 -8.668153941582252831e-01 -8.519653802943101262e-01 -7.088476258751885695e-01 -2.897995196436956578e-01 -4.057148371670624143e-01 -3.985564290827949829e-01 -7.941368360538119120e-01 -2.714584822510729412e-01
-4.833107435693447806e-01 -7.527040254354371296e-01 -4.133442448736424080e-01 -2.902127483954066722e+00 -6.644803200922460018e-01 -1.197714054568116193e+00 -1.087847113678899191e+00 -5.105356817298631888e-01 -8.668153941582252831e-01 -9.783482749655803001e-01 -5.562492865698963618e-01 -2.897995196436956578e-01 -4.081647457850182681e-01 -3.985564290827949829e-01 -7.941368360538119120e-01 -2.212544079268491393e-01
-3.999337128359834459e-01 -7.648432647139628004e-01 -4.133442448736424080e-01 -2.902127483954066722e+00 -7.016405470209148287e-01 -1.468622657490590511e+00 -1.087847113678899191e+00 -5.105356817298631888e-01 -7.107671526518849481e-01 -6.429822171524913754e-01 -6.023371594947917185e-01 -2.897995196436956578e-01 -2.508527906307709276e-01 -5.492910529717068835e-01 -9.506105880878017445e-01 -2.351122688928946325e-01
-4.233397016412530633e-01 -8.299603819006736716e-01 -3.539993671937251563e-01 -2.902127483954066722e+00 -4.832282023288593797e-01 -1.554062437416558806e+00 -1.163806987734592013e+00 -5.105356817298631888e-01 -4.017192570426424969e-01 -6.538625147984190589e-01 -6.110556826289015309e-01 -2.897995196436956578e-01 -2.508527906307709276e-01 -1.192440580770778746e+00 -9.506105880878017445e-01 -1.498455026383456457e-01
-4.233397016412530633e-01 -8.299603819006736716e-01 -3.450512732706166319e-01 -1.112921174453740614e+00 -5.025672339648598053e-01 -1.554062437416558806e+00 -9.540164341655397173e-01 -6.270955802280520075e-01 -4.017192570426424969e-01 -6.538625147984190589e-01 -4.657596628131658867e-01 -2.849039086706403601e-01 -2.283564510101272760e-01 -1.192440580770778746e+00 -5.761795924586864404e-01 -1.477740510493857629e-01
-4.524202859504656837e-01 -7.738631628191001699e-01 -3.450512732706166319e-01 -2.240986691469465164e+00 -5.734491930580815078e-01 -2.315152602455904152e+00 -1.636686172374595793e+00 -6.850095041370366511e-01 -4.017192570426424969e-01 -6.722701851315301402e-01 -4.853403055227836216e-01 -2.849039086706403601e-01 -2.283564510101272760e-01 -1.224886027028760260e+00 -6.241085596397450974e-01 -1.477740510493857629e-01
-3.327276573281569005e-01 -5.018995329453026510e-01 -3.450512732706166319e-01 -2.294629021914769140e+00 -5.734491930580815078e-01 -9.432015343877342417e-01 -1.636686172374595793e+00 -6.850095041370366511e-01 -3.960345639394536321e-01 -4.557507972928094286e-01 -1.116871303915157876e+00 -2.674531764104126075e-01 -2.283564510101272760e-01 -1.224886027028760260e+00 -5.814336573057553581e-01 -1.477740510493857629e-01
-1.031666735057688022e-01 -5.018995329453026510e-01 -3.098423427140864495e-01 -2.294629021914769140e+00 -7.094720300756018894e-01 -1.374165501050591098e+00 -1.636686172374595793e+00 -5.338663977589719334e-01 -3.690362770061322850e-01 -3.969844578744627928e-01 -6.088206556181779971e-01 -3.209595130634232962e-01 -2.283564510101272760e-01 -1.224886027028760260e+00 -7.452859555664583802e-01 -1.477740510493857629e-01
-1.031666735057688022e-01 -6.921644235164351455e-01 -3.778484790421569595e-01 -2.294629021914769140e+00 -8.130082779095763046e-01 -1.313989256147112261e+00 -2.817154465062706503e+00 -6.100248111205196500e-01 -2.836311871551334129e-01 -4.485659867847313631e-01 -6.088206556181779971e-01 -3.209595130634232962e-01 -2.283564510101272760e-01 -1.224886027028760260e+00 -7.348569536075042485e-01 -1.477740510493857629e-01
-2.773500295090986500e-01 -6.921644235164351455e-01 -3.594645152006985533e-01 -2.294629021914769140e+00 -9.214370613784005348e-01 -1.104867780015341028e+00 -2.817154465062706503e+00 -5.588017857827511925e-01 -3.407374938249247420e-01 -4.485659867847313631e-01 -6.088206556181779971e-01 -3.209595130634232962e-01 -2.283564510101272760e-01 -1.485329198315306964e+00 -5.846495445469244157e-01 -1.515566286350343017e-01
-2.773500295090986500e-01 -3.075175070314848935e-01 -3.322815219325928604e-01 -2.384103222414798218e+00 -8.917003761975914600e-01 -1.325097556731051673e+00 -2.817154465062706503e+00 -6.936903007921171316e-01 -3.407374938249247420e-01 -5.304467540150316074e-01 -8.492913947166765842e-01 -3.209595130634232962e-01 -2.283564510101272760e-01 -1.140477355477556687e+00 -5.459204690743701960e-01 -1.515566286350343017e-01
-2.773500295090986500e-01 -4.115774479617723136e-01 -2.344900552052700538e-01 -1.810344494507791779e+00 -6.931535901014116430e-01 -1.325097556731051673e+00 -1.899005168366648899e+00 -6.936903007921171316e-01 -3.188188639765477395e-01 -5.304467540150316074e-01 -8.492913947166765842e-01 -3.209595130634232962e-01 -2.283564510101272760e-01 -1.140477355477556687e+00 -5.459204690743701960e-01 -1.515566286350343017e-01
-2.813723367649486051e-01 -3.353325060455859541e-01 -2.344900552052700538e-01 -1.810344494507791779e+00 -5.532022200375916743e-01 -1.325097556731051673e+00 -1.899005168366648899e+00 -6.936903007921171316e-01 -2.395586742969717520e-01 -5.431579448141016231e-01 -4.697362098610419756e-01 -3.087327581525231013e-01 -2.309201773594729834e-01 -1.140477355477556687e+00 -7.426729267908213084e-01 -9.649042577168395751e-02
-2.632156407548761345e-01 -3.333696061310098546e-01 -2.593363471927414010e-01 -1.913195830703280587e+00 -5.532022200375916743e-01 -1.325097556731051673e+00 -1.108438432976480703e+00 -6.936903007921171316e-01 -1.282839030433091942e-01 -5.456000491081350878e-01 -4.697362098610419756e-01 -2.913612837534826916e-01 -2.309201773594729834e-01 -1.140477355477556687e+00 -7.079214115264409468e-01 -1.116086199267190410e-01
-2.626875118773067119e-01 -3.052594554291707674e-01 -2.641755768606867671e-01 -1.913195830703280587e+00 -5.532022200375916743e-01 -1.325097556731051673e+00 -1.108438432976480703e+00 -6.936903007921171316e-01 -1.400456178827458598e-01 -5.433221600493904901e-01 -8.355700231299446612e-01 -3.536080924674423476e-01 -1.709691568532866190e-01 -1.140477355477556687e+00 -7.079214115264409468e-01 -1.393771439042618965e-01
-2.626875118773067119e-01 -3.052594554291707674e-01 -2.641755768606867671e-01 -2.281225014395332540e+00 -5.532022200375916743e-01 -1.467299399118579428e+00 -1.015092487605289140e+00 -6.936903007921171316e-01 -8.586197233023749875e-02 -5.433221600493904901e-01 -9.578566728351870507e-01 -2.512749713118938022e-01 -1.543910026323175033e-01 -1.128242789557948322e+00 -4.778205772883836189e-01 -1.393771439042618965e-01
-2.433959219140424679e-01 -1.108194371785936883e-01 -2.641755768606867671e-01 -3.424770168009214633e+00 -3.302566216430861123e-01 -1.993953013190929546e+00 -2.512906585824628447e+00 -6.936903007921171316e-01 -8.146734193531982027e-02 -5.433221600493904901e-01 -1.253589615372446620e+00 -2.512749713118938022e-01 -1.543910026323175033e-01 -1.128242789557948322e+00 -4.718775272048165159e-01 -1.393771439042618965e-01
-2.272867063655794884e-01 -1.109911886860691643e-01 -2.641755768606867671e-01 -3.424770168009214633e+00 -3.421072370705949273e-01 -2.399727620641424419e+00 -3.358519205980596833e+00 -6.936903007921171316e-01 -8.146734193531982027e-02 -5.433221600493904901e-01 -1.253589615372446620e+00 -2.534416712197073429e-01 -1.471907253555946871e-01 -1.128242789557948322e+00 -4.718775272048165159e-01 -1.268832482072405621e-01
-2.272867063655794884e-01 -1.109911886860691643e-01 -6.340559183936106402e-01 -3.424770168009214633e+00 -3.421072370705949273e-01 -2.399727620641424419e+00 -3.358519205980596833e+00 -8.852472074196792162e-01 -8.146734193531982027e-02 -5.433221600493904901e-01 -1.253589615372446620e+00 -2.079238150755234882e-01 -1.277257257685017189e-01 -1.128242789557948322e+00 -1.312865255355837590e-01 -1.268832482072405621e-01
-2.272867063655794884e-01 -1.109911886860691643e-01 -6.340559183936106402e-01 -1.397583303252883935e+00 -3.421072370705949273e-01 -8.606527207655300105e-01 -2.310168065933896564e+00 -7.531146064405326301e-01 -8.058005637841143820e-02 -5.433221600493904901e-01 -2.312977290351908799e+00 -3.617348091151992295e-01 -1.277257257685017189e-01 -1.128242789557948322e+00 -1.312865255355837590e-01 -1.348642714515909113e-01
-1.671135319504181982e-01 -2.746205307509800297e-01 -6.340559183936106402e-01 -1.548171387628072493e+00 -3.390041124528265226e-01 -8.606527207655300105e-01 -2.310168065933896564e+00 -7.531146064405326301e-01 -8.058005637841143820e-02 -5.433221600493904901e-01 -1.330567764510189210e+00 -3.617348091151992295e-01 -1.277257257685017189e-01 -1.128242789557948322e+00 -1.312865255355837590e-01 -8.144095560335185002e-02
-1.822822401720034791e-01 -3.725157726905858335e-01 -6.340559183936106402e-01 -1.408590123781436887e+00 -3.390041124528265226e-01 -6.488713850720726484e-01 -1.941362611652960979e+00 -7.531146064405326301e-01 -8.058005637841143820e-02 -5.433221600493904901e-01 -1.271385862040224968e+00 -3.578142372478153033e-01 -1.277257257685017189e-01 -1.128242789557948322e+00 -1.312865255355837590e-01 -7.778714925408836134e-02
-1.822822401720034791e-01 -2.539933795131371075e-01 -3.455506605749841142e+00 -1.502292907735989003e+00 -3.390041124528265226e-01 -6.488713850720726484e-01 -2.898645517352432144e+00 -6.210328500914412686e-01 -7.393590281347757476e-02 -5.433221600493904901e-01 -1.271385862040224968e+00 -3.578142372478153033e-01 -1.277257257685017189e-01 -7.968379463576039656e-01 -2.127594361458714500e-01 -1.005275839680583178e-01
-1.044136167643462121e-01 -2.979727492976753100e-01 -1.567523878575708407e+00 -1.384380489751161569e+00 -3.390041124528265226e-01 -7.805778509392296005e-01 -1.697349079254425908e+00 -6.128059336861573225e-01 -7.393590281347757476e-02 -9.727045488599876943e-01 -1.271385862040224968e+00 -2.109978164137040202e-01 -1.277257257685017189e-01 -8.515314330159250433e-01 -2.896655092674675913e-01 -1.005275839680583178e-01
-1.244621030076130952e-01 -1.962046662133980768e-01 -8.118724063862418072e-01 -1.384380489751161569e+00 -3.390041124528265226e-01 -7.805778509392296005e-01 -1.697349079254425908e+00 -6.128059336861573225e-01 -9.190897951381483966e-02 -9.727045488599876943e-01 -1.271385862040224968e+00 -2.681434318696900854e-01 -1.277257257685017189e-01 -8.051075467587488488e-01 -3.521910904578413604e-01 -1.005275839680583178e-01
-1.244621030076130952e-01 -1.340204060618519488e-01 -8.040207107920576135e-01 -1.384380489751161569e+00 -5.550648173445986711e-01 -8.218942818983172582e-01 -3.302963243110684233e-01 -4.659331455510799525e-01 -9.190897951381483966e-02 -9.727045488599876943e-01 -1.028587822383625561e+00 -2.220979132922939192e-01 -1.277257257685017189e-01 -7.125132324868466149e-01 -3.521910904578413604e-01 -1.005275839680583178e-01
-1.971498513807081188e-01 -1.496698591551393620e-01 -6.899357554648711810e-01 -1.683200283598593971e+00 -5.603785645964460826e-01 -5.201410285452364723e-01 -7.310543488779308596e-01 -4.659331455510799525e-01 -9.190897951381483966e-02 -1.827351635569099741e+00 -1.192971157941523197e+00 -2.220979132922939192e-01 -1.277257257685017189e-01 -7.125132324868466149e-01 -3.791296849236653332e-01 -1.005275839680583178e-01
-1.971498513807081188e-01 -1.496698591551393620e-01 -5.989532335112585093e-01 -2.262098429030360514e+00 -4.796864730045544700e-01 -3.958693365004781195e-01 -6.379014990170277510e-01 -4.659331455510799525e-01 -9.190897951381483966e-02 -1.827351635569099741e+00 -1.192971157941523197e+00 -2.220979132922939192e-01 -1.277257257685017189e-01 -7.125132324868466149e-01 -3.791296849236653332e-01 -1.005275839680583178e-01
-1.971498513807081188e-01 -8.842225242271781194e-02 -5.670762755814864331e-01 -2.262098429030360514e+00 -4.351809206534917873e-01 -1.883013498502894845e-01 -6.379014990170277510e-01 -5.464921092522260215e-01 -9.345096631918527186e-02 -1.827351635569099741e+00 -1.192971157941523197e+00 -2.132162901258188026e-01 -1.277257257685017189e-01 -7.128507407343016578e-01 -3.791296849236653332e-01 -1.005275839680583178e-01
-1.971498513807081188e-01 -8.842225242271781194e-02 -4.526332494128290085e-01 -2.262098429030360514e+00 -4.412090896002824891e-01 -2.057154450561583248e-01 -6.379014990170277510e-01 -1.088782902024896693e+00 -9.345096631918527186e-02 -1.612777039654110789e+00 -1.192971157941523197e+00 -2.604408904692003257e-01 -1.497583162945462232e-01 -7.128507407343016578e-01 -3.791296849236653332e-01 -1.005275839680583178e-01
-1.971498513807081188e-01 -1.020455135079159359e-01 -4.410571913534861999e-01 -9.385722509265098656e-01 -4.412090896002824891e-01 -2.057154450561583248e-01 -6.379014990170277510e-01 -1.088782902024896693e+00 -9.345096631918527186e-02 -1.612777039654110789e+00 -1.192971157941523197e+00 -2.751578279411023842e-01 -1.569033945629471904e-01 -7.128507407343016578e-01 -3.986453789272302317e-01 -1.104785551386413961e-01
-2.049181141343636436e-01 -1.020455135079159359e-01 -3.541355089819647750e-01 -2.717834367816416297e+00 -3.798622452398515148e-01 -2.057154450561583248e-01 -7.342873972513421776e-01 -1.766009549835122705e+00 -9.165704158616473640e-02 -1.612777039654110789e+00 -1.192971157941523197e+00 -1.549433436954841536e-01 -1.569033945629471904e-01 -7.128507407343016578e-01 -3.986453789272302317e-01 -1.003106421696592226e-01
-2.171054533557391364e-01 -7.445004831215552843e-02 -3.541355089819647750e-01 -2.717834367816416297e+00 -3.798622452398515148e-01 -2.501161525446032874e-01 -7.366642423231900549e-01 -1.603753165185229479e+00 -8.956961346306228922e-02 -5.051676395412483256e-01 -1.192971157941523197e+00 -1.549433436954841536e-01 -1.518176832507800444e-01 -7.304844501140060897e-01 -3.986453789272302317e-01 -1.003106421696592226e-01
-2.171054533557391364e-01 -8.181282729541997090e-02 -2.449409962565075316e-01 -3.872583725324653670e-01 -3.798622452398515148e-01 -2.418575365059342785e-01 -7.735620992230363147e-01 -2.507342527128038068e+00 -1.006159261389674847e-01 -5.051676395412483256e-01 -1.192971157941523197e+00 -1.549433436954841536e-01 -1.530803731635000664e-01 -6.738691381509722689e-01 -3.962901017448586249e-01 -1.003106421696592226e-01
-2.535900753749570913e-01 -8.183950875760784283e-02 -3.027215799703174004e-01 -4.099185312127575087e-01 -3.798622452398515148e-01 -2.418575365059342785e-01 -8.786862834979254355e-01 -2.507342527128038068e+00 -1.006159261389674847e-01 -5.051676395412483256e-01 -1.192971157941523197e+00 -1.692587952055604472e-01 -1.525945895010597242e-01 -7.215376011688128255e-01 -3.914937250399496693e-01 -1.003106421696592226e-01
-2.251395142134698379e-01 -8.183950875760784283e-02 -3.063068707661921186e-01 -4.557275397952478269e-01 -3.523730698892447721e-01 -2.217588282987880965e-01 -8.532923234788538647e-01 -2.196302971345929222e+00 -2.080467747353955676e-01 -4.926766652213087627e-01 -1.192971157941523197e+00 -1.692587952055604472e-01 -1.759195768950485850e-01 -9.237073737867792511e-01 -5.654855280953099417e-01 -1.061691799229566996e-01
-2.251395142134698379e-01 -1.202470258882902820e-01 -2.876398582272762239e-01 -2.979577205512454197e-01 -3.226231822290840934e-01 -2.217588282987880965e-01 -8.532923234788538647e-01 -2.196302971345929222e+00 -1.224685157631943550e-01 -5.962866640767832127e-01 -1.192971157941523197e+00 -1.692587952055604472e-01 -1.759195768950485850e-01 -8.914474908719838275e-01 -5.654855280953099417e-01 -1.061691799229566996e-01
-2.251395142134698379e-01 -1.202470258882902820e-01 -2.876398582272762239e-01 -2.979577205512454197e-01 -3.226231822290840934e-01 -2.122342009153529996e-01 -1.120905003695366053e+00 -6.536866266225908051e-01 -1.108094436253809351e-01 -2.712675313842822789e+00 -1.213236593449098955e+00 -1.692587952055604472e-01 -1.816581818314532693e-01 -9.810973821651753912e-01 -5.654855280953099417e-01 -1.061691799229566996e-01
-2.251395142134698379e-01 -1.202470258882902820e-01 -1.371177679404081973e-01 -4.892380936581753881e-01 -3.217701270972251337e-01 -2.122342009153529996e-01 -1.120905003695366053e+00 -1.587417169751511592e+00 -1.108094436253809351e-01 -2.712675313842822789e+00 -9.368886199287075334e-01 -1.625921433386651460e-01 -1.960301421830151769e-01 -9.810973821651753912e-01 -5.654855280953099417e-01 -1.374402681962765271e-01
-2.632215654222913592e-01 -1.069826745476260554e-01 -1.380947399315309576e-01 -3.725460514957403824e-01 -3.217701270972251337e-01 -2.122342009153529996e-01 -1.120905003695366053e+00 -1.587417169751511592e+00 -1.108094436253809351e-01 -2.712675313842822789e+00 -9.368886199287075334e-01 -1.625921433386651460e-01 -1.788075333732979944e-01 -9.810973821651753912e-01 -6.373442379375251488e-01 -1.263192209576094738e-01
