2.133684344268008961e-04 2.138579501409040742e-04 2.159055086439544164e-04 1.997614477683078518e-04 2.151717531343088816e-04 2.041893969772037333e-04 2.176245629448199934e-04 1.993302382408565173e-04 2.090757909456252657e-04 2.063750060452725879e-04 2.044944935022128879e-04 2.168739412640710758e-04 2.100676488282414390e-04 2.171738460725987298e-04 2.059425801848100812e-04 2.106826667514682591e-04
2.138095039745272028e-04 2.104446909541937965e-04 2.231657746128600699e-04 1.995168935843852028e-04 2.150075957259833510e-04 1.955238083734651630e-04 2.151038375962265254e-04 1.993302382408565173e-04 2.085922631617565578e-04 2.063750060452725879e-04 2.049499331054600111e-04 2.145971131214427063e-04 2.100752100385829587e-04 2.164236822236435560e-04 1.901087566913463583e-04 2.081974405055680836e-04
2.132072825300275920e-04 2.127081351635267304e-04 2.231657746128600699e-04 1.945198718611911113e-04 2.155905360615244487e-04 1.774390115679161330e-04 2.140398379585395404e-04 1.982467541170604224e-04 2.035013930269852266e-04 2.054788205149955880e-04 2.048211594083327485e-04 2.230588307363842694e-04 2.113814109534372287e-04 2.180359146120087370e-04 1.729751885944361188e-04 2.378793183482387518e-04
2.180250965681763075e-04 2.133306440700945587e-04 2.249342026297991006e-04 1.780560083009162194e-04 2.106766116789304344e-04 1.774390115679161330e-04 1.980938440646228991e-04 1.882847027791961000e-04 2.050139795307819902e-04 2.089517644677021122e-04 1.970766485397937220e-04 2.229852601160177352e-04 2.111858416739122526e-04 2.186587582827972769e-04 1.718470901312589387e-04 2.581467889806836878e-04
2.201666712169373838e-04 2.159334648027216690e-04 2.412798692395837186e-04 1.509510909380205402e-04 2.091741431050730797e-04 1.234370994239906104e-04 2.164916917544309973e-04 1.484319014268485864e-04 1.951102868451323302e-04 2.067848021197899995e-04 1.970766485397937220e-04 2.289520375059323463e-04 2.328678909970096711e-04 2.261727805099822636e-04 1.647148619035384719e-04 2.535402813927098214e-04
2.201666712169373838e-04 2.158525224877856684e-04 2.480609260094616356e-04 1.529778195007221067e-04 2.096919626423292618e-04 1.316475960218449243e-04 2.164916917544309973e-04 1.298068555403923251e-04 1.951102868451323302e-04 2.086932302375871901e-04 1.925103818072657199e-04 2.555037851123941745e-04 3.265000438956529218e-04 2.245901083860741936e-04 1.782307137134433593e-04 3.556898559975932989e-04
2.247439750898194482e-04 2.005067793518011741e-04 2.480609260094616356e-04 9.654934003697364896e-05 2.096919626423292618e-04 1.316475960218449243e-04 2.163794023761413002e-04 1.209611607602305901e-04 1.951102868451323302e-04 2.070635122183693696e-04 1.797788735927861490e-04 2.519097818787046608e-04 3.047111950953112613e-04 2.264431108975729174e-04 1.963496636211455710e-04 3.299492534783308355e-04
2.222400643902992042e-04 2.005067793518011741e-04 2.480609260094616356e-04 6.359571134593620598e-05 2.096919626423292618e-04 1.609136342099850615e-04 2.163794023761413002e-04 1.061503068197573637e-04 1.951102868451323302e-04 1.813081453351969813e-04 1.395625612614280161e-04 2.658718561532467028e-04 3.462780042128353695e-04 2.258077378881741346e-04 1.963496636211455710e-04 3.199666753674964984e-04
2.222400643902992042e-04 1.995353280090544673e-04 2.857679909655479319e-04 1.013577150412371295e-04 2.096919626423292618e-04 1.562576672440026495e-04 2.298517874735756515e-04 1.087574563198228863e-04 1.937269164746380364e-04 1.813081453351969813e-04 1.753404914908934060e-04 2.617548993374652858e-04 3.052691915132179842e-04 2.410231061281072377e-04 1.963496636211455710e-04 3.658242471225260552e-04
2.753605925333486057e-04 2.012145221571209962e-04 2.648982010893522116e-04 5.655168922482915381e-05 2.206384847124277175e-04 9.629837697351949005e-05 2.481373361263567823e-04 2.179671052547855548e-04 1.937269164746380364e-04 1.959603152990895859e-04 2.165366425263441706e-04 3.213618256967998212e-04 2.978388330873727721e-04 2.744496314685852811e-04 2.055680854417829561e-04 3.546454692095341314e-04
2.752324333969781737e-04 1.989869010823206927e-04 3.038442896374565425e-04 5.655168922482915381e-05 2.471122175314076699e-04 1.015957517613529489e-04 2.650455969358168516e-04 2.733250201263437776e-04 1.937269164746380364e-04 1.960197254892221048e-04 2.206660838334144445e-04 3.692929376343857296e-04 3.072922574844593434e-04 3.108471581693933818e-04 2.055680854417829561e-04 3.797881728645592994e-04
2.782012582038769551e-04 2.123764269007372954e-04 3.038442896374565425e-04 5.655168922482915381e-05 2.296522346592976113e-04 1.541373470095990525e-04 1.643219691476362080e-04 2.694859347919673293e-04 1.937269164746380364e-04 1.786019559410042721e-04 2.561288103858701693e-04 3.692929376343857296e-04 3.060782682211562696e-04 3.108471581693933818e-04 2.055680854417829561e-04 4.195340549537415883e-04
3.094568856527209742e-04 2.102369110821868375e-04 3.038442896374565425e-04 5.655168922482915381e-05 2.219261961190136911e-04 1.311140836812137514e-04 1.643219691476362080e-04 2.694859347919673293e-04 2.204284604982724059e-04 2.346780660594323842e-04 2.441693008308655076e-04 3.692929376343857296e-04 3.945554762829092633e-04 2.577410446463734286e-04 1.824312948630535045e-04 4.075730201745467619e-04
2.998218768550090950e-04 1.992902729206953998e-04 3.304903092072941162e-04 5.655168922482915381e-05 2.781386844827986055e-04 1.249181934198012112e-04 1.563792601320867712e-04 2.694859347919673293e-04 3.089884350210563447e-04 2.321917962318222018e-04 2.420000235785688667e-04 3.692929376343857296e-04 3.945554762829092633e-04 1.545389163185957246e-04 1.824312948630535045e-04 4.988500849069562584e-04
2.998218768550090950e-04 1.992902729206953998e-04 3.349064208122339579e-04 1.628091966564552593e-04 2.719061944176281911e-04 1.249181934198012112e-04 1.803407343128379911e-04 2.383993875291512171e-04 3.089884350210563447e-04 2.321917962318222018e-04 2.839498343732295535e-04 3.725489902147667890e-04 4.130889420862646167e-04 1.545389163185957246e-04 2.509401724746867200e-04 5.017680121983298953e-04
2.888177395892460434e-04 2.085834656478529909e-04 3.349064208122339579e-04 8.558416572536570784e-05 2.513901658897350986e-04 8.196740182000368546e-05 1.179325510293194855e-04 2.257898239437269156e-04 3.089884350210563447e-04 2.282356653373988898e-04 2.772905959894654852e-04 3.725489902147667890e-04 4.130889420862646167e-04 1.513472934482684240e-04 2.390117874534049378e-04 5.017680121983298953e-04
3.420051333080174460e-04 2.720392674468167160e-04 3.349064208122339579e-04 8.301631490439169924e-05 2.513901658897350986e-04 1.828543301009600836e-04 1.179325510293194855e-04 2.257898239437269156e-04 3.113834277856275426e-04 2.877547079920120049e-04 1.623945358760872692e-04 3.847916602050310483e-04 4.130889420862646167e-04 1.513472934482684240e-04 2.494462061446421652e-04 5.017680121983298953e-04
5.796577367349664599e-04 2.720392674468167160e-04 3.540679411569699138e-04 8.301631490439169924e-05 2.204196302005478523e-04 1.383174308339143316e-04 1.179325510293194855e-04 2.626505867320702787e-04 3.235731821835754226e-04 3.107254570795721935e-04 2.429195484403151855e-04 3.502573754409637769e-04 4.130889420862646167e-04 1.513472934482684240e-04 2.132988950698685407e-04 5.017680121983298953e-04
5.796577367349664599e-04 2.239392023747038124e-04 3.181024123093074757e-04 8.301631490439169924e-05 2.017755976664547233e-04 1.433535944648165459e-04 5.818056891080536233e-05 2.423104338200617448e-04 3.716583288996327603e-04 2.889514590013319163e-04 2.429195484403151855e-04 3.502573754409637769e-04 4.130889420862646167e-04 1.513472934482684240e-04 2.152300186180807753e-04 5.017680121983298953e-04
3.737376067415527415e-04 2.239392023747038124e-04 3.269259562621184721e-04 8.301631490439169924e-05 1.855905865468243654e-04 1.633736385155850192e-04 5.818056891080536233e-05 2.556158807760297992e-04 3.372137160503301391e-04 2.889514590013319163e-04 2.429195484403151855e-04 3.502573754409637769e-04 4.130889420862646167e-04 1.296234502610192673e-04 2.480692701909306230e-04 4.964449773507722185e-04
3.737376067415527415e-04 3.562742490097256108e-04 3.410499017308615908e-04 7.863860699659095874e-05 1.897858780264401960e-04 1.423085179224800297e-04 5.818056891080536233e-05 2.239341671752500575e-04 3.372137160503301391e-04 2.620617748272136309e-04 1.963557971851427131e-04 3.502573754409637769e-04 4.130889420862646167e-04 1.599971776255043317e-04 2.584875903545844522e-04 4.964449773507722185e-04
3.737376067415527415e-04 3.047889653919999661e-04 4.060342532743485924e-04 1.082880623255669120e-04 2.235471923061168784e-04 1.423085179224800297e-04 1.023743028952860617e-04 2.239341671752500575e-04 3.488803994197431368e-04 2.620617748272136309e-04 1.963557971851427131e-04 3.502573754409637769e-04 4.130889420862646167e-04 1.599971776255043317e-04 2.584875903545844522e-04 4.964449773507722185e-04
3.710501063752261121e-04 3.401669202844700849e-04 4.060342532743485924e-04 1.082880623255669120e-04 2.565146926909823771e-04 1.423085179224800297e-04 1.023743028952860617e-04 2.239341671752500575e-04 4.035137393754341254e-04 2.584881421626308655e-04 2.821358286595628787e-04 3.566455385054148998e-04 4.101289769709969414e-04 1.599971776255043317e-04 2.141079958092868927e-04 5.951735553444871410e-04
3.843937727525519065e-04 3.412224234254588326e-04 3.867731721191524589e-04 1.023482489470937099e-04 2.565146926909823771e-04 1.423085179224800297e-04 1.628562285545693817e-04 2.239341671752500575e-04 5.325828644413158151e-04 2.577988224456456050e-04 2.821358286595628787e-04 3.682995293315381746e-04 4.101289769709969414e-04 1.599971776255043317e-04 2.206181897181160891e-04 5.629117155464352868e-04
3.850121526829152537e-04 3.570635436873746010e-04 3.832557106344434234e-04 1.023482489470937099e-04 2.565146926909823771e-04 1.423085179224800297e-04 1.628562285545693817e-04 2.239341671752500575e-04 5.136883842559693747e-04 2.584362620854846254e-04 1.984185513313831996e-04 3.318879061582858878e-04 4.713116722416015513e-04 1.599971776255043317e-04 2.206181897181160891e-04 5.144249618391314328e-04
3.850121526829152537e-04 3.570635436873746010e-04 3.832557106344434234e-04 8.341222481921017114e-05 2.565146926909823771e-04 1.306126862217884339e-04 1.734648651898266472e-04 2.239341671752500575e-04 6.218385463293238944e-04 2.584362620854846254e-04 1.808741108428514751e-04 3.963409359505448400e-04 4.927483850135478370e-04 1.612697815957102624e-04 2.801731324757648846e-04 5.144249618391314328e-04
3.998137196940428073e-04 5.648186400730407109e-04 3.832557106344434234e-04 3.375873901766032444e-05 3.426976571882562228e-04 9.749167840805467340e-05 7.230811991226090648e-05 2.239341671752500575e-04 6.337512245395188117e-04 2.584362620854846254e-04 1.485770696078074710e-04 3.963409359505448400e-04 4.927483850135478370e-04 1.612697815957102624e-04 2.821750538794042624e-04 5.144249618391314328e-04
4.138749462171940636e-04 5.644784715144508412e-04 3.832557106344434234e-04 3.375873901766032444e-05 3.364375198703978471e-04 7.744842897923075349e-05 3.563340598678187447e-05 2.239341671752500575e-04 6.337512245395188117e-04 2.584362620854846254e-04 1.485770696078074710e-04 3.946980637190038361e-04 5.028953961936171412e-04 1.612697815957102624e-04 2.821750538794042624e-04 5.344166150249998011e-04
4.138749462171940636e-04 5.644784715144508412e-04 2.349594772240859301e-04 3.375873901766032444e-05 3.364375198703978471e-04 7.744842897923075349e-05 3.563340598678187447e-05 1.910717246718836044e-04 6.337512245395188117e-04 2.584362620854846254e-04 1.485770696078074710e-04 4.341742572224500528e-04 5.328060490329605608e-04 1.612697815957102624e-04 5.300458983694485322e-04 5.344166150249998011e-04
4.138749462171940636e-04 5.644784715144508412e-04 2.349594772240859301e-04 1.362319335792882614e-04 3.364375198703978471e-04 1.937112882303543000e-04 8.150288962261352467e-05 2.122937341273934873e-04 6.362815019703496611e-04 2.584362620854846254e-04 8.185466380462787543e-05 3.277768777075620128e-04 5.328060490329605608e-04 1.612697815957102624e-04 5.300458983694485322e-04 5.211920466105434075e-04
4.757634703302766562e-04 3.772128329638323825e-04 2.349594772240859301e-04 1.248920326420251332e-04 3.378446371475596604e-04 1.937112882303543000e-04 8.150288962261352467e-05 2.122937341273934873e-04 6.362815019703496611e-04 2.584362620854846254e-04 1.420001224001205659e-04 3.277768777075620128e-04 5.328060490329605608e-04 1.612697815957102624e-04 5.300458983694485322e-04 6.331673572075609659e-04
4.577600924311057734e-04 3.217383648762720070e-04 2.349594772240859301e-04 1.353543578349015401e-04 3.378446371475596604e-04 2.325367626240380141e-04 1.003584549229588179e-04 2.122937341273934873e-04 6.362815019703496611e-04 2.584362620854846254e-04 1.473476955898835820e-04 3.294745857502126129e-04 5.328060490329605608e-04 1.612697815957102624e-04 5.300458983694485322e-04 6.437301401835194333e-04
4.577600924311057734e-04 3.920937888140452665e-04 3.070020642647876231e-05 1.282038913458656527e-04 3.378446371475596604e-04 2.325367626240380141e-04 5.578444154180807338e-05 2.395759971828922584e-04 6.562647004669304885e-04 2.584362620854846254e-04 1.473476955898835820e-04 3.294745857502126129e-04 5.328060490329605608e-04 2.047451853101392417e-04 4.288409235575730226e-04 5.855576403078106840e-04
5.776040774278174209e-04 3.617960106495348056e-04 1.232701074786474323e-04 1.373191452658528993e-04 3.378446371475596604e-04 2.068740668574673282e-04 1.148189350033921316e-04 2.414694888277435709e-04 6.562647004669304885e-04 1.781474560627302516e-04 1.473476955898835820e-04 4.296802009275432592e-04 5.328060490329605608e-04 1.961297012130042660e-04 3.684262034989362750e-04 5.855576403078106840e-04
5.390175995544945180e-04 4.437615619714568188e-04 2.015709127505187854e-04 1.373191452658528993e-04 3.378446371475596604e-04 2.068740668574673282e-04 1.148189350033921316e-04 2.414694888277435709e-04 6.060391051996509137e-04 1.781474560627302516e-04 1.473476955898835820e-04 3.829714980584817351e-04 5.328060490329605608e-04 2.035647283520693759e-04 3.326162898101779597e-04 5.855576403078106840e-04
5.390175995544945180e-04 5.237914829129813182e-04 2.028636580843103923e-04 1.373191452658528993e-04 2.555885539957642003e-04 1.999043731837236309e-04 3.424272438473020168e-04 2.840849870593646761e-04 6.060391051996509137e-04 1.781474560627302516e-04 1.722884279465698785e-04 4.197776873832063200e-04 5.328060490329605608e-04 2.201815991429562883e-04 3.326162898101779597e-04 5.855576403078106840e-04
4.421394377117934360e-04 5.002822852564062835e-04 2.238349844032633165e-04 1.159478067145613153e-04 2.541289055513333583e-04 2.655695180370121092e-04 2.151281007832856655e-04 2.840849870593646761e-04 6.060391051996509137e-04 1.067005011117224485e-04 1.547180175006687523e-04 4.197776873832063200e-04 5.328060490329605608e-04 2.201815991429562883e-04 3.196785166252933243e-04 5.855576403078106840e-04
4.421394377117934360e-04 5.002822852564062835e-04 2.443739870612260888e-04 8.424170297438053818e-05 2.785743290668390645e-04 3.097340957128366223e-04 2.347141912088191937e-04 2.840849870593646761e-04 6.060391051996509137e-04 1.067005011117224485e-04 1.547180175006687523e-04 4.197776873832063200e-04 5.328060490329605608e-04 2.201815991429562883e-04 3.196785166252933243e-04 5.855576403078106840e-04
4.421394377117934360e-04 6.162089401397744404e-04 2.527140248550976552e-04 8.424170297438053818e-05 2.945594886141605353e-04 4.509017296505899732e-04 2.347141912088191937e-04 2.587158918159485283e-04 6.022595723978960711e-04 1.067005011117224485e-04 1.547180175006687523e-04 4.278540115206716510e-04 5.328060490329605608e-04 2.201165586029573112e-04 3.196785166252933243e-04 5.855576403078106840e-04
4.421394377117934360e-04 6.162089401397744404e-04 2.885641569986773479e-04 8.424170297438053818e-05 2.922555805752156694e-04 4.332531397283869356e-04 2.347141912088191937e-04 1.651947076148584906e-04 6.022595723978960711e-04 1.202998253721806711e-04 1.547180175006687523e-04 3.885235624642550695e-04 4.991855640177661653e-04 2.201165586029573112e-04 3.196785166252933243e-04 5.855576403078106840e-04
4.421394377117934360e-04 5.836890008566473012e-04 2.929108359674676798e-04 1.831544794251300091e-04 2.922555805752156694e-04 4.332531397283869356e-04 2.347141912088191937e-04 1.651947076148584906e-04 6.022595723978960711e-04 1.202998253721806711e-04 1.547180175006687523e-04 3.780584563975025454e-04 4.894451690235625350e-04 2.201165586029573112e-04 3.110202591811164156e-04 5.648409272652103004e-04
4.343075247048157708e-04 5.836890008566473012e-04 3.306830781783396886e-04 6.305426873793202333e-05 3.177118588675333891e-04 4.332531397283869356e-04 2.148771249190408058e-04 1.109519431839601079e-04 6.066236945316575910e-04 1.202998253721806711e-04 1.547180175006687523e-04 4.953863011610610450e-04 4.894451690235625350e-04 2.201165586029573112e-04 3.110202591811164156e-04 5.861625421471601625e-04
4.228680460006209734e-04 6.559033076896515334e-04 3.306830781783396886e-04 6.305426873793202333e-05 3.177118588675333891e-04 3.944373204519397553e-04 2.142512093579821959e-04 1.213873464177410997e-04 6.120144608912703784e-04 2.699388633859746423e-04 1.547180175006687523e-04 4.953863011610610450e-04 4.963076022321730695e-04 2.167201613023353652e-04 3.110202591811164156e-04 5.861625421471601625e-04
4.228680460006209734e-04 6.333754292427838271e-04 3.996494482507860664e-04 3.140562925817683322e-04 3.177118588675333891e-04 4.008691152444980674e-04 2.077172354036383177e-04 7.297195740898939883e-05 5.849716013952553119e-04 2.699388633859746423e-04 1.547180175006687523e-04 4.953863011610610450e-04 4.959888433267864915e-04 2.278624758287444156e-04 3.116977548463352259e-04 5.861625421471601625e-04
3.918429548712933021e-04 6.332980551510435834e-04 3.587931559445957700e-04 3.042803317816188146e-04 3.177118588675333891e-04 4.008691152444980674e-04 1.911317546136926694e-04 7.297195740898939883e-05 5.849716013952553119e-04 2.699388633859746423e-04 1.547180175006687523e-04 4.764609276977474538e-04 4.966672215579682678e-04 2.183043161236438389e-04 3.138731246901440013e-04 5.861625421471601625e-04
4.147518705762136444e-04 6.332980551510435834e-04 3.565868509654330381e-04 2.866151933855614091e-04 3.308270792780839981e-04 4.177938594347239249e-04 1.949091437385716639e-04 8.753816165558769369e-05 4.319070985762055040e-04 2.735074691636766404e-04 1.547180175006687523e-04 4.764609276977474538e-04 4.668751114781994520e-04 1.857622091098509775e-04 2.537365199013142314e-04 5.734927238045079648e-04
4.147518705762136444e-04 5.466590542018692420e-04 3.681726503212657490e-04 3.610710094323484835e-04 3.464884926972674724e-04 4.177938594347239249e-04 1.949091437385716639e-04 8.753816165558769369e-05 5.420685532288183756e-04 2.440764265737030902e-04 1.547180175006687523e-04 4.764609276977474538e-04 4.668751114781994520e-04 1.898888156614725092e-04 2.537365199013142314e-04 5.734927238045079648e-04
4.147518705762136444e-04 5.466590542018692420e-04 3.681726503212657490e-04 3.610710094323484835e-04 3.464884926972674724e-04 4.265194795878187177e-04 1.607187693965969318e-04 2.316848811535060764e-04 5.638003729427857463e-04 6.338593672293077984e-05 1.527831486129670971e-04 4.764609276977474538e-04 4.599843560586394740e-04 1.779467546142539575e-04 2.537365199013142314e-04 5.734927238045079648e-04
4.147518705762136444e-04 5.466590542018692420e-04 5.165756063981005904e-04 2.749356376478886152e-04 3.469765728426575657e-04 4.265194795878187177e-04 1.607187693965969318e-04 1.224403002839930107e-04 5.638003729427857463e-04 6.338593672293077984e-05 1.837754609745841420e-04 4.852538055702908639e-04 4.437631851900986752e-04 1.779467546142539575e-04 2.537365199013142314e-04 5.170499750236102468e-04
3.844430115589100166e-04 5.738830306132313179e-04 5.149657424015014265e-04 3.206198018880652956e-04 3.469765728426575657e-04 4.265194795878187177e-04 1.607187693965969318e-04 1.224403002839930107e-04 5.638003729427857463e-04 6.338593672293077984e-05 1.837754609745841420e-04 4.852538055702908639e-04 4.629496423153299815e-04 1.779467546142539575e-04 2.358632533167815608e-04 5.353013305558427517e-04
