1.076106912767445001e-04 1.064141226142870518e-04 1.073470150146367921e-04 1.001655594441417833e-04 1.045423307112966347e-04 1.058268650350241473e-04 1.044279899376650663e-04 1.095320309996067386e-04 1.059882360463895360e-04 1.049480711457354064e-04 9.705752402102419394e-05 1.008069596853119148e-04 1.005872081791702908e-04 1.048094340908578965e-04 9.790002007693074002e-05 1.020352203558395540e-04
1.080442072342074802e-04 1.082139321400916651e-04 1.063899387913597823e-04 1.000317503808116371e-04 1.045499831126303440e-04 1.067291297432493616e-04 1.039200180763193393e-04 1.095320309996067386e-04 1.086212211554671514e-04 1.049480711457354064e-04 9.678538875591034612e-05 1.029552839994546696e-04 1.007401546541550975e-04 1.046115616560560469e-04 9.009497119591757333e-05 1.025282538417540587e-04
1.119352980289024243e-04 1.065152543807383628e-04 1.063899387913597823e-04 1.030175817001034705e-04 1.043717404234430782e-04 1.072558328938465861e-04 1.032471956232159862e-04 1.096748600498956072e-04 1.134247633666271972e-04 1.061380207987892377e-04 9.450820653466989742e-05 1.000017244679684653e-04 9.821975478972800916e-05 1.060734852585525778e-04 8.109710129819890036e-05 1.205883385129559253e-04
1.117269666056953405e-04 1.060480716553034204e-04 1.058151685287062922e-04 9.985151769304243625e-05 1.101960400846917643e-04 1.072558328938465861e-04 1.017424236171384270e-04 1.137293388105902419e-04 1.122895920014559086e-04 1.088135897986577515e-04 7.841444097392396000e-05 9.560703721429906034e-05 9.907248323901765173e-05 1.053173719491571242e-04 7.869255883241598208e-05 1.288380638356360658e-04
1.115292199104151908e-04 1.032700655970109966e-04 1.005025388934814280e-04 9.179821762093619557e-05 1.125442375789110377e-04 1.129683311683123977e-04 9.683147291634602557e-05 1.392353521241333498e-04 1.219229994175689694e-04 1.101821530461702972e-04 7.841444097392396000e-05 8.828970697200694533e-05 8.519585173674446119e-05 1.032363951114194790e-04 6.349021062523118133e-05 1.208852574546242619e-04
1.115292199104151908e-04 1.032072002831020501e-04 9.735645544811278467e-05 9.047498063249938553e-05 1.118337598625194346e-04 1.071272921241830716e-04 9.683147291634602557e-05 1.403257788152708285e-04 1.219229994175689694e-04 1.075573355906852191e-04 7.239553458749756090e-05 8.207958532623432454e-05 6.143291442146564855e-05 1.036276312667569553e-04 7.398754156329663035e-05 1.271011750062750305e-04
1.131137943647624717e-04 1.059947966112314221e-04 9.735645544811278467e-05 6.922378351677108740e-05 1.118337598625194346e-04 1.071272921241830716e-04 9.671705479953268485e-05 1.437552077402139692e-04 1.219229994175689694e-04 1.033756397221893575e-04 5.631278345611360228e-05 8.570564958208017623e-05 7.045435380240676468e-05 1.028604154315653700e-04 7.588495980922896952e-05 1.286081908925217868e-04
1.123783406910948429e-04 1.059947966112314221e-04 9.735645544811278467e-05 6.069027901387381000e-05 1.118337598625194346e-04 1.068909065504970528e-04 9.671705479953268485e-05 1.494972972163826448e-04 1.219229994175689694e-04 1.151469456214597421e-04 4.374433499017131734e-05 8.321866198806190343e-05 6.837120713396128220e-05 1.031067461755841557e-04 7.588495980922896952e-05 1.056062145761744200e-04
1.123783406910948429e-04 1.083468013913607518e-04 9.050686368284708726e-05 7.056458256488113887e-05 1.118337598625194346e-04 1.064742947892791526e-04 9.453060268964203990e-05 1.473695839435230166e-04 1.224096896625111544e-04 1.151469456214597421e-04 7.344507067287332780e-05 8.545510115095503092e-05 6.958845381210341358e-05 9.395170025321605812e-05 7.588495980922896952e-05 1.068235132691919363e-04
1.103232719448021609e-04 1.083314191487302674e-04 9.211359517053834553e-05 4.541579735268318576e-05 1.240667915019532134e-04 8.347549755722840595e-05 1.077645704690870286e-04 1.301444023858073248e-04 1.224096896625111544e-04 1.126195552613624702e-04 8.203250952390057319e-05 9.098872724736575259e-05 5.970742997094004008e-05 7.383905035269530258e-05 7.695553637050763104e-05 1.051942122710224515e-04
1.129080822088369301e-04 1.243857574337563362e-04 8.219549968198515541e-05 4.541579735268318576e-05 1.367563281515509659e-04 8.311213417615004881e-05 1.075603110800147955e-04 1.513782337666775917e-04 1.224096896625111544e-04 1.123591298774913837e-04 7.494473047513265868e-05 7.524790307522787242e-05 6.176344464662159018e-05 5.596276189469399931e-05 7.695553637050763104e-05 1.165768183432462385e-04
1.144666225515032532e-04 1.166439143548322741e-04 8.219549968198515541e-05 4.541579735268318576e-05 1.535480844756634852e-04 1.120120157581860134e-04 1.387805123341141755e-04 1.337712543551595242e-04 1.224096896625111544e-04 9.102799114219616960e-05 7.251223197569616591e-05 7.524790307522787242e-05 6.374436259758201040e-05 5.596276189469399931e-05 7.695553637050763104e-05 1.067893177490991240e-04
1.306084554122942951e-04 1.075165794592142189e-04 8.219549968198515541e-05 4.541579735268318576e-05 1.573839458494941666e-04 1.101809184726467935e-04 1.387805123341141755e-04 1.337712543551595242e-04 1.276247080175887949e-04 7.194688486180694689e-05 7.536852480810304954e-05 7.524790307522787242e-05 1.754514676219816078e-05 8.597895833108908179e-05 6.500664150131222902e-05 1.046462120889172842e-04
1.229644834525716603e-04 1.097373914082027746e-04 8.596786896021941192e-05 4.541579735268318576e-05 1.738870617648112667e-04 1.069603703565161722e-04 1.398570621283231697e-04 1.337712543551595242e-04 1.167508946535499113e-04 8.860480153488142991e-05 7.709128972915030970e-05 7.524790307522787242e-05 1.754514676219816078e-05 1.376000842533460912e-04 6.500664150131222902e-05 9.343878151245333925e-05
1.229644834525716603e-04 1.097373914082027746e-04 7.964556999120737772e-05 1.053060534653667209e-04 1.667967405233693298e-04 1.069603703565161722e-04 1.317756244987129872e-04 1.092159361178327091e-04 1.167508946535499113e-04 8.860480153488142991e-05 7.824461799179230717e-05 7.520075069510000708e-05 8.027556226015031705e-06 1.376000842533460912e-04 7.158408522556886869e-05 9.349167768220148272e-05
1.142726719854669792e-04 1.108662308438503611e-04 7.964556999120737772e-05 1.353218062197008502e-04 1.944849811706412656e-04 1.049552397289351085e-04 1.363779181631750461e-04 8.754664316287826659e-05 1.167508946535499113e-04 8.894987306529892159e-05 7.777847780944516687e-05 7.520075069510000708e-05 8.027556226015031705e-06 1.374935264671823013e-04 7.493256421970372061e-05 9.349167768220148272e-05
1.165308057888753189e-04 7.895652031938553981e-05 7.964556999120737772e-05 1.362559976233639666e-04 1.944849811706412656e-04 1.101971654466840108e-04 1.363779181631750461e-04 8.754664316287826659e-05 1.133221180190775940e-04 8.993814324915318595e-05 6.973586582805136767e-05 7.225918150716055261e-05 8.027556226015031705e-06 1.374935264671823013e-04 7.570833167668894947e-05 9.349167768220148272e-05
9.843062979881953218e-05 7.895652031938553981e-05 7.546287247958630292e-05 1.362559976233639666e-04 2.301975973672098347e-04 1.185643166229354695e-04 1.363779181631750461e-04 9.864681445822647823e-05 1.209198281611212897e-04 8.196954322693729704e-05 7.064950186258590653e-05 7.958278930404285895e-05 8.027556226015031705e-06 1.374935264671823013e-04 9.238372871878198556e-05 9.349167768220148272e-05
9.843062979881953218e-05 1.031443661765961932e-04 1.165558186153955745e-04 1.362559976233639666e-04 2.882743561687725739e-04 1.170726279930406328e-04 1.517919343276587230e-04 1.017884180955308613e-04 1.600748549928332183e-04 8.328415626583021562e-05 7.064950186258590653e-05 7.958278930404285895e-05 8.027556226015031705e-06 1.374935264671823013e-04 9.320919219002268027e-05 9.349167768220148272e-05
1.195018625261205336e-04 1.031443661765961932e-04 1.153596612949936228e-04 1.362559976233639666e-04 2.563643131273197822e-04 1.104258444112587848e-04 1.517919343276587230e-04 1.008063666026125623e-04 1.280941272572597807e-04 8.328415626583021562e-05 7.064950186258590653e-05 7.958278930404285895e-05 8.027556226015031705e-06 1.460206306555290618e-04 7.907133515645414659e-05 9.461100455005325204e-05
1.195018625261205336e-04 9.900037029650433679e-05 1.272895804932159896e-04 1.389944614884335451e-04 2.396022390844219116e-04 1.129583927330415341e-04 1.517919343276587230e-04 1.016213830976871402e-04 1.280941272572597807e-04 6.057153958426093253e-05 1.016264070635235466e-04 7.958278930404285895e-05 8.027556226015031705e-06 1.435669781577299448e-04 7.573317607886997829e-05 9.461100455005325204e-05
1.195018625261205336e-04 1.000200431391081926e-04 1.678693493118335427e-04 1.358448079234951230e-04 2.825848296256605998e-04 1.129583927330415341e-04 1.357470759634611885e-04 1.016213830976871402e-04 1.253495337830364301e-04 6.057153958426093253e-05 1.016264070635235466e-04 7.958278930404285895e-05 8.027556226015031705e-06 1.435669781577299448e-04 7.573317607886997829e-05 9.461100455005325204e-05
1.196673239957905284e-04 1.237285015125329777e-04 1.678693493118335427e-04 1.358448079234951230e-04 3.547023750708602546e-04 1.129583927330415341e-04 1.357470759634611885e-04 1.016213830976871402e-04 1.661131164281132850e-04 6.347749540468476583e-05 1.104850266113039232e-04 9.189798468569354323e-05 7.509304190650347571e-05 1.435669781577299448e-04 1.062989595831654276e-04 1.089493527574157835e-04
1.387581373635816658e-04 1.229947483496206023e-04 1.608208678541033008e-04 1.376025909193143908e-04 3.547023750708602546e-04 1.129583927330415341e-04 1.187678893610006936e-04 1.016213830976871402e-04 1.915052473977814232e-04 6.306534202785451821e-05 1.104850266113039232e-04 6.840069528710064877e-05 7.509304190650347571e-05 1.435669781577299448e-04 1.000174112294861611e-04 1.185716524370498346e-04
1.271290292494310788e-04 1.287789025397887744e-04 1.601602669642732634e-04 1.376025909193143908e-04 3.547023750708602546e-04 1.129583927330415341e-04 1.187678893610006936e-04 1.016213830976871402e-04 1.847528188051477576e-04 6.278996126404672604e-05 6.935883271397932286e-05 8.618496873084314223e-05 1.332570793371504712e-04 1.435669781577299448e-04 1.000174112294861611e-04 1.240544465334339963e-04
1.271290292494310788e-04 1.287789025397887744e-04 1.601602669642732634e-04 1.436202980798797731e-04 3.547023750708602546e-04 9.459315202551687052e-05 1.153241522504935937e-04 1.016213830976871402e-04 2.234030616019009371e-04 6.278996126404672604e-05 8.299150836231051836e-05 7.817252062737256265e-05 1.347792807382047287e-04 1.427320916361409105e-04 9.261386651345276304e-05 1.240544465334339963e-04
1.346527292346673594e-04 1.228881617487435560e-04 1.601602669642732634e-04 1.564919968117845666e-04 5.465050362488213000e-04 8.959309805100884822e-05 1.368529301785117948e-04 1.016213830976871402e-04 2.254896279947874067e-04 6.278996126404672604e-05 6.901823745231755610e-05 7.817252062737256265e-05 1.347792807382047287e-04 1.427320916361409105e-04 1.071466350837766584e-04 1.240544465334339963e-04
1.129914736590230715e-04 1.223818439724371225e-04 1.601602669642732634e-04 1.564919968117845666e-04 5.010601318217572896e-04 8.811078363600112278e-05 1.344292280971874426e-04 1.016213830976871402e-04 2.254896279947874067e-04 6.278996126404672604e-05 6.901823745231755610e-05 7.720788900183484253e-05 1.378968165294455750e-04 1.427320916361409105e-04 1.071466350837766584e-04 1.229971294555288314e-04
1.129914736590230715e-04 1.223818439724371225e-04 1.491833644620246585e-04 1.564919968117845666e-04 5.010601318217572896e-04 8.811078363600112278e-05 1.344292280971874426e-04 1.111030622282304454e-04 2.254896279947874067e-04 6.278996126404672604e-05 6.901823745231755610e-05 7.156412098922000707e-05 7.264035593036158225e-05 1.427320916361409105e-04 5.790962546951139303e-05 1.229971294555288314e-04
1.129914736590230715e-04 1.223818439724371225e-04 1.491833644620246585e-04 1.137554257992701623e-04 5.010601318217572896e-04 8.416084170094966866e-05 1.078640515410601527e-04 1.680330477647546577e-04 2.281003440095863216e-04 6.278996126404672604e-05 6.838924674130761436e-05 7.061566859324610245e-05 7.264035593036158225e-05 1.427320916361409105e-04 5.790962546951139303e-05 1.093521464478401753e-04
1.057049917869169053e-04 1.186096436987542271e-04 1.491833644620246585e-04 1.125347284210128290e-04 5.709955742149982810e-04 8.416084170094966866e-05 1.078640515410601527e-04 1.680330477647546577e-04 2.281003440095863216e-04 6.278996126404672604e-05 1.143350058909514591e-04 7.061566859324610245e-05 7.264035593036158225e-05 1.427320916361409105e-04 5.790962546951139303e-05 1.097311184709985924e-04
1.051316326041082779e-04 1.352343831678747888e-04 1.491833644620246585e-04 1.136609580948059312e-04 5.709955742149982810e-04 1.044175993521788491e-04 1.098937817172786631e-04 1.680330477647546577e-04 2.281003440095863216e-04 6.278996126404672604e-05 1.148773844070594656e-04 1.549938259397435443e-04 7.264035593036158225e-05 1.427320916361409105e-04 5.790962546951139303e-05 1.110542786321692553e-04
1.051316326041082779e-04 1.319471075712278744e-04 1.895691354721677996e-04 1.086078133481443677e-04 5.709955742149982810e-04 1.044175993521788491e-04 1.065242713168696587e-04 1.903624588153856050e-04 2.418651253611712212e-04 6.278996126404672604e-05 1.148773844070594656e-04 1.549938259397435443e-04 7.264035593036158225e-05 1.407007538133282776e-04 7.297481408677919932e-05 1.092016409117663943e-04
8.143629815921060255e-05 1.447168747690341477e-04 1.842923997667167088e-04 1.010390429014838446e-04 5.709955742149982810e-04 1.040698255777668444e-04 1.058206521985250446e-04 1.775547140952638654e-04 2.418651253611712212e-04 5.139865946446394454e-05 1.148773844070594656e-04 1.252880570997022016e-04 7.264035593036158225e-05 1.519486558925525939e-04 1.066948173086309083e-04 1.092016409117663943e-04
8.346943676142259808e-05 1.311173885825566332e-04 1.736919493743127672e-04 1.010390429014838446e-04 5.709955742149982810e-04 1.040698255777668444e-04 1.058206521985250446e-04 1.775547140952638654e-04 1.730209035921010654e-04 5.139865946446394454e-05 1.148773844070594656e-04 1.491337357131195191e-04 7.264035593036158225e-05 1.583848194031992301e-04 1.110189141820608078e-04 1.092016409117663943e-04
8.346943676142259808e-05 1.170489728726828535e-04 2.391822009491577057e-04 1.010390429014838446e-04 3.782181714284334499e-04 8.926534760214900274e-05 1.369580860857907978e-04 1.684215882244706030e-04 1.730209035921010654e-04 5.139865946446394454e-05 1.143579597652688091e-04 1.480205406220670879e-04 7.264035593036158225e-05 1.540572803579315104e-04 1.110189141820608078e-04 1.092016409117663943e-04
1.098282172181387731e-04 1.168689927611453379e-04 2.303686588621097820e-04 6.909174822156781263e-05 3.822734480439108685e-04 1.112390179779777593e-04 1.531585465990077275e-04 1.684215882244706030e-04 1.730209035921010654e-04 1.418799233440757603e-05 1.058610959104119181e-04 1.480205406220670879e-04 7.264035593036158225e-05 1.540572803579315104e-04 1.111595690805576315e-04 1.092016409117663943e-04
1.098282172181387731e-04 1.168689927611453379e-04 2.682749624513048377e-04 2.169536091019248032e-05 4.433064958403581121e-04 1.133816471326428463e-04 1.452906125995927027e-04 1.684215882244706030e-04 1.730209035921010654e-04 1.418799233440757603e-05 1.058610959104119181e-04 1.480205406220670879e-04 7.264035593036158225e-05 1.540572803579315104e-04 1.111595690805576315e-04 1.092016409117663943e-04
1.098282172181387731e-04 1.433884267862207745e-04 2.508743050632759072e-04 2.169536091019248032e-05 4.779868343625137727e-04 1.396624312628362932e-04 1.452906125995927027e-04 1.729719388090654073e-04 1.678402981059378221e-04 1.418799233440757603e-05 1.058610959104119181e-04 1.426343278501018201e-04 7.264035593036158225e-05 1.537740166990152397e-04 1.111595690805576315e-04 1.092016409117663943e-04
1.098282172181387731e-04 1.433884267862207745e-04 2.287182140403850672e-04 2.169536091019248032e-05 4.819066433560883372e-04 1.407415715879477898e-04 1.452906125995927027e-04 1.897464501236488261e-04 1.678402981059378221e-04 3.092526613454143992e-05 1.058610959104119181e-04 1.447433792446525477e-04 1.298413714670988402e-04 1.537740166990152397e-04 1.111595690805576315e-04 1.092016409117663943e-04
1.098282172181387731e-04 1.371186554462665546e-04 2.354523501773408273e-04 1.219154042218690989e-04 4.819066433560883372e-04 1.407415715879477898e-04 1.452906125995927027e-04 1.897464501236488261e-04 1.678402981059378221e-04 3.092526613454143992e-05 1.058610959104119181e-04 1.402213389536922331e-04 1.464134252356746034e-04 1.537740166990152397e-04 1.112536985960907118e-04 1.175384923529253147e-04
1.037711886385121794e-04 1.371186554462665546e-04 2.708735268990324681e-04 1.319296010960012379e-04 5.207301712105156643e-04 1.407415715879477898e-04 1.469582165494921354e-04 2.053993418746850180e-04 1.686691771085606806e-04 3.092526613454143992e-05 1.058610959104119181e-04 1.353775046646244634e-04 1.464134252356746034e-04 1.537740166990152397e-04 1.112536985960907118e-04 1.093727783522131764e-04
1.222182221718973085e-04 1.378383999041483065e-04 2.708735268990324681e-04 1.319296010960012379e-04 5.207301712105156643e-04 1.373654761162910022e-04 1.461439843954049798e-04 2.004887804725997654e-04 1.652965549237759007e-04 8.343407672209353669e-05 1.058610959104119181e-04 1.353775046646244634e-04 1.462258789990747703e-04 1.512857147875582161e-04 1.112536985960907118e-04 1.093727783522131764e-04
1.222182221718973085e-04 1.519325040736895492e-04 2.272765965695701623e-04 1.344312842596501753e-04 5.207301712105156643e-04 1.373765095169504212e-04 1.499677267089357400e-04 2.293215610726728824e-04 1.822153641972740126e-04 8.343407672209353669e-05 1.058610959104119181e-04 1.353775046646244634e-04 1.424724741279620845e-04 1.370797258615356114e-04 1.164258135714816520e-04 1.093727783522131764e-04
1.136243605665560589e-04 1.519809115840364648e-04 1.829586229028195134e-04 1.231308365478923678e-04 5.207301712105156643e-04 1.373765095169504212e-04 1.597352043900501740e-04 2.293215610726728824e-04 1.822153641972740126e-04 8.343407672209353669e-05 1.058610959104119181e-04 1.352787478472446494e-04 1.422722861882585663e-04 1.337304892683517806e-04 1.181444710101054970e-04 1.093727783522131764e-04
1.109701412474134674e-04 1.519809115840364648e-04 1.805372047328027965e-04 1.250754131132163151e-04 5.717885314454228740e-04 1.335983473891743560e-04 1.592536255196900152e-04 2.073223313860475818e-04 1.619754530480099080e-04 7.718487334570297849e-05 1.058610959104119181e-04 1.352787478472446494e-04 1.470091242600613348e-04 1.227154384859010649e-04 1.118069892590958575e-04 1.094908474171319465e-04
1.109701412474134674e-04 1.339697287451586775e-04 1.882794694190009484e-04 9.732624383223472699e-05 6.652365639362139548e-04 1.335983473891743560e-04 1.592536255196900152e-04 2.073223313860475818e-04 1.795461624103745016e-04 7.106652152470513569e-05 1.058610959104119181e-04 1.352787478472446494e-04 1.470091242600613348e-04 1.391995097204950941e-04 1.118069892590958575e-04 1.094908474171319465e-04
1.109701412474134674e-04 1.339697287451586775e-04 1.882794694190009484e-04 9.732624383223472699e-05 6.652365639362139548e-04 1.391780493572228458e-04 1.868295325349791773e-04 1.648765176982937915e-04 1.820358178016101916e-04 8.352743809967141031e-06 1.066144994248444632e-04 1.352787478472446494e-04 1.422447271655519771e-04 1.287123735731723255e-04 1.118069892590958575e-04 1.094908474171319465e-04
1.109701412474134674e-04 1.339697287451586775e-04 2.347501829650078232e-04 9.678849617883652503e-05 6.641513002582248365e-04 1.391780493572228458e-04 1.868295325349791773e-04 2.219112358267684697e-04 1.820358178016101916e-04 8.352743809967141031e-06 1.175306716652584673e-04 1.387424632085579573e-04 1.310291064316860372e-04 1.287123735731723255e-04 1.118069892590958575e-04 9.830002871280701135e-05
7.412576696382803133e-05 4.276858962360419463e-05 2.471894023325075141e-04 8.733408405467821712e-05 6.641513002582248365e-04 1.391780493572228458e-04 1.868295325349791773e-04 2.219112358267684697e-04 1.820358178016101916e-04 8.352743809967141031e-06 1.175306716652584673e-04 1.387424632085579573e-04 1.494338651528998995e-04 1.287123735731723255e-04 1.097275552976601914e-04 9.005883568007553815e-05
